#<header> v1.0 8 32 </header>
0 4
1 4
2 5
3 6
4 6
5 7
6 8
7 8
8 9
9 9
10 10
11 11
12 11
13 12
14 13
15 13
16 14
17 14
18 15
19 16
20 16
21 17
22 18
23 18
24 19
25 19
26 20
27 21
28 21
29 22
30 23
31 23
32 24
33 24
34 25
35 26
36 26
37 27
38 28
39 28
40 29
41 29
42 30
43 31
44 31
45 32
46 33
47 33
48 34
49 34
50 35
51 36
52 36
53 37
54 38
55 38
56 39
57 39
58 40
59 41
60 41
61 42
62 43
63 43
64 44
65 44
66 45
67 46
68 46
69 47
70 48
71 48
72 49
73 49
74 50
75 51
76 51
77 52
78 53
79 53
80 54
81 54
82 55
83 56
84 56
85 57
86 58
87 58
88 59
89 59
90 60
91 61
92 61
93 62
94 63
95 63
96 64
97 64
98 65
99 66
100 66
101 67
102 67
103 68
104 69
105 69
106 70
107 71
108 71
109 72
110 72
111 73
112 74
113 74
114 75
115 76
116 76
117 77
118 77
119 78
120 79
121 79
122 80
123 81
124 81
125 82
126 82
127 83
128 84
129 84
130 85
131 86
132 86
133 87
134 87
135 88
136 89
137 89
138 90
139 91
140 91
141 92
142 92
143 93
144 94
145 94
146 95
147 96
148 96
149 97
150 97
151 98
152 99
153 99
154 100
155 101
156 101
157 102
158 102
159 103
160 104
161 104
162 105
163 106
164 106
165 107
166 107
167 108
168 109
169 109
170 110
171 111
172 111
173 112
174 112
175 113
176 114
177 114
178 115
179 116
180 116
181 117
182 117
183 118
184 119
185 119
186 120
187 121
188 121
189 122
190 122
191 123
