#<header> v1.0 9 32 </header>
0 155
1 155
2 154
3 154
4 153
5 153
6 153
7 152
8 152
9 151
10 151
11 151
12 150
13 150
14 150
15 149
16 149
17 148
18 148
19 148
20 147
21 147
22 146
23 146
24 146
25 145
26 145
27 144
28 144
29 144
30 143
31 143
32 142
33 142
34 142
35 141
36 141
37 140
38 140
39 140
40 139
41 139
42 138
43 138
44 138
45 137
46 137
47 136
48 136
49 136
50 135
51 135
52 134
53 134
54 134
55 133
56 133
57 132
58 132
59 132
60 131
61 131
62 130
63 130
64 130
65 129
66 129
67 128
68 128
69 128
70 127
71 127
72 127
73 126
74 126
75 125
76 125
77 125
78 124
79 124
80 123
81 123
82 123
83 122
84 122
85 121
86 121
87 121
88 120
89 120
90 119
91 119
92 119
93 118
94 118
95 117
96 117
97 117
98 116
99 116
100 115
101 115
102 115
103 114
104 114
105 113
106 113
107 113
108 112
109 112
110 111
111 111
112 111
113 110
114 110
115 109
116 109
117 109
118 108
119 108
120 107
121 107
122 107
123 106
124 106
125 105
126 105
127 105
128 104
129 104
130 104
131 103
132 103
133 102
134 102
135 102
136 101
137 101
138 100
139 100
140 100
141 99
142 99
143 98
144 98
145 98
146 97
147 97
148 96
149 96
150 96
151 95
152 95
153 94
154 94
155 94
156 93
157 93
158 92
159 92
160 92
161 91
162 91
163 90
164 90
165 90
166 89
167 89
168 88
169 88
170 88
171 87
172 87
173 86
174 86
175 86
176 85
177 85
178 84
179 84
180 84
181 83
182 83
183 82
184 82
185 82
186 81
187 81
188 81
189 80
190 80
191 79
192 79
193 79
194 78
195 78
196 77
197 77
198 77
199 76
200 76
201 75
202 75
203 75
204 74
205 74
206 73
207 73
208 73
209 72
210 72
211 71
212 71
213 71
214 70
215 70
216 69
217 69
218 69
219 68
220 68
221 67
222 67
223 67
224 66
225 66
226 65
227 65
228 65
229 64
230 64
231 63
232 63
233 63
234 62
235 62
236 61
237 61
238 61
239 60
240 60
241 59
242 59
243 59
244 58
245 58
246 58
247 57
248 57
249 56
250 56
251 56
252 55
253 55
254 54
255 54
256 54
257 53
258 53
259 52
260 52
261 52
262 51
263 51
264 50
265 50
266 50
267 49
268 49
269 48
270 48
271 48
272 47
273 47
274 46
275 46
276 46
277 45
278 45
279 44
280 44
281 44
282 43
283 43
284 42
285 42
286 42
287 41
288 41
289 40
290 40
291 40
292 39
293 39
294 38
295 38
296 38
297 37
298 37
299 36
300 36
301 36
302 35
303 35
304 35
305 34
306 34
307 33
308 33
309 33
310 32
311 32
312 31
313 31
314 31
315 30
316 30
317 29
318 29
319 29
320 28
321 28
322 27
323 27
324 27
325 26
326 26
327 25
328 25
329 25
330 24
331 24
332 23
333 23
334 23
335 22
336 22
337 21
338 21
339 21
340 20
341 20
342 19
343 19
344 19
345 18
346 18
347 17
348 17
349 17
350 16
351 16
352 15
353 15
354 15
355 14
356 14
357 13
358 13
359 13
360 12
361 12
362 12
363 11
364 11
365 10
366 10
367 10
368 9
369 9
370 8
371 8
372 8
373 7
374 7
375 6
376 6
377 6
378 5
379 5
380 4
381 4
382 4
383 3
