#<header> v1.0 8 32 </header>
0 521
1 523
2 525
3 527
4 528
5 530
6 532
7 534
8 536
9 538
10 540
11 542
12 544
13 546
14 548
15 549
16 551
17 553
18 555
19 557
20 559
21 561
22 563
23 565
24 567
25 568
26 570
27 572
28 574
29 576
30 578
31 580
32 582
33 584
34 586
35 587
36 589
37 591
38 593
39 595
40 597
41 599
42 601
43 603
44 605
45 607
46 608
47 610
48 612
49 614
50 616
51 618
52 620
53 622
54 624
55 626
56 627
57 629
58 631
59 633
60 635
61 637
62 639
63 641
64 643
65 645
66 646
67 648
68 650
69 652
70 654
71 656
72 658
73 660
74 662
75 664
76 666
77 667
78 669
79 671
80 673
81 675
82 677
83 679
84 681
85 683
86 685
87 686
88 688
89 690
90 692
91 694
92 696
93 698
94 700
95 702
96 704
97 705
98 707
99 709
100 711
101 713
102 715
103 717
104 719
105 721
106 723
107 725
108 726
109 728
110 730
111 732
112 734
113 736
114 738
115 740
116 742
117 744
118 745
119 747
120 749
121 751
122 753
123 755
124 757
125 759
126 761
127 763
128 764
129 766
130 768
131 770
132 772
133 774
134 776
135 778
136 780
137 782
138 784
139 785
140 787
141 789
142 791
143 793
144 795
145 797
146 799
147 801
148 803
149 804
150 806
151 808
152 810
153 812
154 814
155 816
156 818
157 820
158 822
159 823
160 825
161 827
162 829
163 831
164 833
165 835
166 837
167 839
168 841
169 843
170 844
171 846
172 848
173 850
174 852
175 854
176 856
177 858
178 860
179 862
180 863
181 865
182 867
183 869
184 871
185 873
186 875
187 877
188 879
189 881
190 882
191 884
