#<header> v1.0 8 32 </header>
0 123
1 123
2 122
3 121
4 121
5 120
6 120
7 119
8 118
9 118
10 117
11 116
12 116
13 115
14 115
15 114
16 113
17 113
18 112
19 111
20 111
21 110
22 110
23 109
24 108
25 108
26 107
27 106
28 106
29 105
30 105
31 104
32 103
33 103
34 102
35 101
36 101
37 100
38 100
39 99
40 98
41 98
42 97
43 97
44 96
45 95
46 95
47 94
48 93
49 93
50 92
51 92
52 91
53 90
54 90
55 89
56 88
57 88
58 87
59 87
60 86
61 85
62 85
63 84
64 83
65 83
66 82
67 82
68 81
69 80
70 80
71 79
72 78
73 78
74 77
75 77
76 76
77 75
78 75
79 74
80 73
81 73
82 72
83 72
84 71
85 70
86 70
87 69
88 68
89 68
90 67
91 67
92 66
93 65
94 65
95 64
96 63
97 63
98 62
99 62
100 61
101 60
102 60
103 59
104 58
105 58
106 57
107 57
108 56
109 55
110 55
111 54
112 53
113 53
114 52
115 52
116 51
117 50
118 50
119 49
120 48
121 48
122 47
123 47
124 46
125 45
126 45
127 44
128 43
129 43
130 42
131 42
132 41
133 40
134 40
135 39
136 38
137 38
138 37
139 37
140 36
141 35
142 35
143 34
144 33
145 33
146 32
147 32
148 31
149 30
150 30
151 29
152 28
153 28
154 27
155 27
156 26
157 25
158 25
159 24
160 23
161 23
162 22
163 22
164 21
165 20
166 20
167 19
168 19
169 18
170 17
171 17
172 16
173 15
174 15
175 14
176 14
177 13
178 12
179 12
180 11
181 10
182 10
183 9
184 9
185 8
186 7
187 7
188 6
189 5
190 5
191 4
