#<header> v1.0 8 32 </header>
0 17
1 19
2 22
3 24
4 27
5 29
6 32
7 34
8 37
9 39
10 42
11 44
12 47
13 49
14 52
15 54
16 57
17 59
18 62
19 64
20 67
21 69
22 72
23 74
24 77
25 79
26 82
27 84
28 87
29 89
30 92
31 94
32 97
33 99
34 102
35 104
36 107
37 109
38 112
39 114
40 117
41 119
42 122
43 124
44 127
45 129
46 132
47 134
48 137
49 139
50 142
51 144
52 147
53 149
54 152
55 154
56 157
57 159
58 162
59 164
60 167
61 169
62 172
63 174
64 177
65 179
66 182
67 184
68 187
69 189
70 192
71 194
72 197
73 199
74 202
75 204
76 207
77 209
78 212
79 214
80 217
81 219
82 222
83 224
84 227
85 229
86 232
87 234
88 237
89 239
90 242
91 244
92 247
93 249
94 252
95 254
96 257
97 259
98 261
99 264
100 266
101 269
102 271
103 274
104 276
105 279
106 281
107 284
108 286
109 289
110 291
111 294
112 296
113 299
114 301
115 304
116 306
117 309
118 311
119 314
120 316
121 319
122 321
123 324
124 326
125 329
126 331
127 334
128 336
129 339
130 341
131 344
132 346
133 349
134 351
135 354
136 356
137 359
138 361
139 364
140 366
141 369
142 371
143 374
144 376
145 379
146 381
147 384
148 386
149 389
150 391
151 394
152 396
153 399
154 401
155 404
156 406
157 409
158 411
159 414
160 416
161 419
162 421
163 424
164 426
165 429
166 431
167 434
168 436
169 439
170 441
171 444
172 446
173 449
174 451
175 454
176 456
177 459
178 461
179 464
180 466
181 469
182 471
183 474
184 476
185 479
186 481
187 484
188 486
189 489
190 491
191 494
