#<header> v1.0 8 32 </header>
0 495
1 492
2 490
3 487
4 485
5 482
6 480
7 477
8 475
9 472
10 470
11 467
12 465
13 462
14 460
15 457
16 455
17 452
18 450
19 447
20 445
21 442
22 440
23 437
24 435
25 432
26 430
27 427
28 425
29 422
30 420
31 417
32 415
33 412
34 410
35 407
36 405
37 402
38 400
39 397
40 395
41 392
42 390
43 388
44 385
45 383
46 380
47 378
48 375
49 373
50 370
51 368
52 365
53 363
54 360
55 358
56 355
57 353
58 350
59 348
60 345
61 343
62 340
63 338
64 335
65 333
66 330
67 328
68 325
69 323
70 320
71 318
72 315
73 313
74 310
75 308
76 305
77 303
78 300
79 298
80 295
81 293
82 290
83 288
84 285
85 283
86 280
87 278
88 275
89 273
90 270
91 268
92 265
93 263
94 260
95 258
96 255
97 253
98 250
99 248
100 245
101 243
102 240
103 238
104 235
105 233
106 230
107 228
108 225
109 223
110 220
111 218
112 215
113 213
114 210
115 208
116 205
117 203
118 200
119 198
120 195
121 193
122 190
123 188
124 185
125 183
126 180
127 178
128 175
129 173
130 170
131 168
132 165
133 163
134 160
135 158
136 155
137 153
138 150
139 148
140 145
141 143
142 140
143 138
144 135
145 133
146 130
147 128
148 125
149 123
150 120
151 118
152 115
153 113
154 110
155 108
156 105
157 103
158 100
159 98
160 95
161 93
162 90
163 88
164 85
165 83
166 80
167 78
168 76
169 73
170 71
171 68
172 66
173 63
174 61
175 58
176 56
177 53
178 51
179 48
180 46
181 43
182 41
183 38
184 36
185 33
186 31
187 28
188 26
189 23
190 21
191 18
