#<header> v1.0 8 32 </header>
0 130
1 130
2 131
3 131
4 132
5 132
6 133
7 133
8 134
9 134
10 135
11 135
12 136
13 136
14 137
15 137
16 137
17 138
18 138
19 139
20 139
21 140
22 140
23 141
24 141
25 142
26 142
27 143
28 143
29 144
30 144
31 145
32 145
33 146
34 146
35 146
36 147
37 147
38 148
39 148
40 149
41 149
42 150
43 150
44 151
45 151
46 152
47 152
48 153
49 153
50 154
51 154
52 155
53 155
54 156
55 156
56 156
57 157
58 157
59 158
60 158
61 159
62 159
63 160
64 160
65 161
66 161
67 162
68 162
69 163
70 163
71 164
72 164
73 165
74 165
75 166
76 166
77 166
78 167
79 167
80 168
81 168
82 169
83 169
84 170
85 170
86 171
87 171
88 172
89 172
90 173
91 173
92 174
93 174
94 175
95 175
96 176
97 176
98 176
99 177
100 177
101 178
102 178
103 179
104 179
105 180
106 180
107 181
108 181
109 182
110 182
111 183
112 183
113 184
114 184
115 185
116 185
117 186
118 186
119 186
120 187
121 187
122 188
123 188
124 189
125 189
126 190
127 190
128 191
129 191
130 192
131 192
132 193
133 193
134 194
135 194
136 195
137 195
138 196
139 196
140 196
141 197
142 197
143 198
144 198
145 199
146 199
147 200
148 200
149 201
150 201
151 202
152 202
153 203
154 203
155 204
156 204
157 205
158 205
159 205
160 206
161 206
162 207
163 207
164 208
165 208
166 209
167 209
168 210
169 210
170 211
171 211
172 212
173 212
174 213
175 213
176 214
177 214
178 215
179 215
180 215
181 216
182 216
183 217
184 217
185 218
186 218
187 219
188 219
189 220
190 220
191 221
