#<header> v1.0 9 32 </header>
0 622
1 620
2 619
3 617
4 615
5 614
6 612
7 611
8 609
9 607
10 606
11 604
12 603
13 601
14 600
15 598
16 596
17 595
18 593
19 592
20 590
21 588
22 587
23 585
24 584
25 582
26 580
27 579
28 577
29 576
30 574
31 573
32 571
33 569
34 568
35 566
36 565
37 563
38 561
39 560
40 558
41 557
42 555
43 554
44 552
45 550
46 549
47 547
48 546
49 544
50 542
51 541
52 539
53 538
54 536
55 534
56 533
57 531
58 530
59 528
60 527
61 525
62 523
63 522
64 520
65 519
66 517
67 515
68 514
69 512
70 511
71 509
72 508
73 506
74 504
75 503
76 501
77 500
78 498
79 496
80 495
81 493
82 492
83 490
84 489
85 487
86 485
87 484
88 482
89 481
90 479
91 477
92 476
93 474
94 473
95 471
96 469
97 468
98 466
99 465
100 463
101 462
102 460
103 458
104 457
105 455
106 454
107 452
108 450
109 449
110 447
111 446
112 444
113 443
114 441
115 439
116 438
117 436
118 435
119 433
120 431
121 430
122 428
123 427
124 425
125 423
126 422
127 420
128 419
129 417
130 416
131 414
132 412
133 411
134 409
135 408
136 406
137 404
138 403
139 401
140 400
141 398
142 397
143 395
144 393
145 392
146 390
147 389
148 387
149 385
150 384
151 382
152 381
153 379
154 377
155 376
156 374
157 373
158 371
159 370
160 368
161 366
162 365
163 363
164 362
165 360
166 358
167 357
168 355
169 354
170 352
171 351
172 349
173 347
174 346
175 344
176 343
177 341
178 339
179 338
180 336
181 335
182 333
183 331
184 330
185 328
186 327
187 325
188 324
189 322
190 320
191 319
192 317
193 316
194 314
195 312
196 311
197 309
198 308
199 306
200 305
201 303
202 301
203 300
204 298
205 297
206 295
207 293
208 292
209 290
210 289
211 287
212 285
213 284
214 282
215 281
216 279
217 278
218 276
219 274
220 273
221 271
222 270
223 268
224 266
225 265
226 263
227 262
228 260
229 259
230 257
231 255
232 254
233 252
234 251
235 249
236 247
237 246
238 244
239 243
240 241
241 239
242 238
243 236
244 235
245 233
246 232
247 230
248 228
249 227
250 225
251 224
252 222
253 220
254 219
255 217
256 216
257 214
258 213
259 211
260 209
261 208
262 206
263 205
264 203
265 201
266 200
267 198
268 197
269 195
270 193
271 192
272 190
273 189
274 187
275 186
276 184
277 182
278 181
279 179
280 178
281 176
282 174
283 173
284 171
285 170
286 168
287 167
288 165
289 163
290 162
291 160
292 159
293 157
294 155
295 154
296 152
297 151
298 149
299 147
300 146
301 144
302 143
303 141
304 140
305 138
306 136
307 135
308 133
309 132
310 130
311 128
312 127
313 125
314 124
315 122
316 121
317 119
318 117
319 116
320 114
321 113
322 111
323 109
324 108
325 106
326 105
327 103
328 101
329 100
330 98
331 97
332 95
333 94
334 92
335 90
336 89
337 87
338 86
339 84
340 82
341 81
342 79
343 78
344 76
345 75
346 73
347 71
348 70
349 68
350 67
351 65
352 63
353 62
354 60
355 59
356 57
357 55
358 54
359 52
360 51
361 49
362 48
363 46
364 44
365 43
366 41
367 40
368 38
369 36
370 35
371 33
372 32
373 30
374 28
375 27
376 25
377 24
378 22
379 21
380 19
381 17
382 16
383 14
