#<header> v1.0 9 32 </header>
0 14
1 15
2 17
3 18
4 20
5 22
6 23
7 25
8 26
9 28
10 29
11 31
12 33
13 34
14 36
15 37
16 39
17 41
18 42
19 44
20 45
21 47
22 49
23 50
24 52
25 53
26 55
27 56
28 58
29 60
30 61
31 63
32 64
33 66
34 68
35 69
36 71
37 72
38 74
39 75
40 77
41 79
42 80
43 82
44 83
45 85
46 87
47 88
48 90
49 91
50 93
51 95
52 96
53 98
54 99
55 101
56 102
57 104
58 106
59 107
60 109
61 110
62 112
63 114
64 115
65 117
66 118
67 120
68 121
69 123
70 125
71 126
72 128
73 129
74 131
75 133
76 134
77 136
78 137
79 139
80 140
81 142
82 144
83 145
84 147
85 148
86 150
87 152
88 153
89 155
90 156
91 158
92 160
93 161
94 163
95 164
96 166
97 167
98 169
99 171
100 172
101 174
102 175
103 177
104 179
105 180
106 182
107 183
108 185
109 186
110 188
111 190
112 191
113 193
114 194
115 196
116 198
117 199
118 201
119 202
120 204
121 206
122 207
123 209
124 210
125 212
126 213
127 215
128 217
129 218
130 220
131 221
132 223
133 225
134 226
135 228
136 229
137 231
138 232
139 234
140 236
141 237
142 239
143 240
144 242
145 244
146 245
147 247
148 248
149 250
150 251
151 253
152 255
153 256
154 258
155 259
156 261
157 263
158 264
159 266
160 267
161 269
162 271
163 272
164 274
165 275
166 277
167 278
168 280
169 282
170 283
171 285
172 286
173 288
174 290
175 291
176 293
177 294
178 296
179 297
180 299
181 301
182 302
183 304
184 305
185 307
186 309
187 310
188 312
189 313
190 315
191 317
192 318
193 320
194 321
195 323
196 324
197 326
198 328
199 329
200 331
201 332
202 334
203 336
204 337
205 339
206 340
207 342
208 343
209 345
210 347
211 348
212 350
213 351
214 353
215 355
216 356
217 358
218 359
219 361
220 362
221 364
222 366
223 367
224 369
225 370
226 372
227 374
228 375
229 377
230 378
231 380
232 382
233 383
234 385
235 386
236 388
237 389
238 391
239 393
240 394
241 396
242 397
243 399
244 401
245 402
246 404
247 405
248 407
249 408
250 410
251 412
252 413
253 415
254 416
255 418
256 420
257 421
258 423
259 424
260 426
261 428
262 429
263 431
264 432
265 434
266 435
267 437
268 439
269 440
270 442
271 443
272 445
273 447
274 448
275 450
276 451
277 453
278 454
279 456
280 458
281 459
282 461
283 462
284 464
285 466
286 467
287 469
288 470
289 472
290 473
291 475
292 477
293 478
294 480
295 481
296 483
297 485
298 486
299 488
300 489
301 491
302 493
303 494
304 496
305 497
306 499
307 500
308 502
309 504
310 505
311 507
312 508
313 510
314 512
315 513
316 515
317 516
318 518
319 519
320 521
321 523
322 524
323 526
324 527
325 529
326 531
327 532
328 534
329 535
330 537
331 539
332 540
333 542
334 543
335 545
336 546
337 548
338 550
339 551
340 553
341 554
342 556
343 558
344 559
345 561
346 562
347 564
348 565
349 567
350 569
351 570
352 572
353 573
354 575
355 577
356 578
357 580
358 581
359 583
360 584
361 586
362 588
363 589
364 591
365 592
366 594
367 596
368 597
369 599
370 600
371 602
372 604
373 605
374 607
375 608
376 610
377 611
378 613
379 615
380 616
381 618
382 619
383 621
