#<header> v1.0 8 32 </header>
0 221
1 221
2 220
3 220
4 219
5 219
6 218
7 218
8 217
9 217
10 216
11 216
12 215
13 215
14 215
15 214
16 214
17 213
18 213
19 212
20 212
21 211
22 211
23 210
24 210
25 209
26 209
27 208
28 208
29 207
30 207
31 206
32 206
33 205
34 205
35 205
36 204
37 204
38 203
39 203
40 202
41 202
42 201
43 201
44 200
45 200
46 199
47 199
48 198
49 198
50 197
51 197
52 196
53 196
54 195
55 195
56 195
57 194
58 194
59 193
60 193
61 192
62 192
63 191
64 191
65 190
66 190
67 189
68 189
69 188
70 188
71 187
72 187
73 186
74 186
75 185
76 185
77 185
78 184
79 184
80 183
81 183
82 182
83 182
84 181
85 181
86 180
87 180
88 179
89 179
90 178
91 178
92 177
93 177
94 176
95 176
96 175
97 175
98 175
99 174
100 174
101 173
102 173
103 172
104 172
105 171
106 171
107 170
108 170
109 169
110 169
111 168
112 168
113 167
114 167
115 166
116 166
117 165
118 165
119 165
120 164
121 164
122 163
123 163
124 162
125 162
126 161
127 161
128 160
129 160
130 159
131 159
132 158
133 158
134 157
135 157
136 156
137 156
138 156
139 155
140 155
141 154
142 154
143 153
144 153
145 152
146 152
147 151
148 151
149 150
150 150
151 149
152 149
153 148
154 148
155 147
156 147
157 146
158 146
159 146
160 145
161 145
162 144
163 144
164 143
165 143
166 142
167 142
168 141
169 141
170 140
171 140
172 139
173 139
174 138
175 138
176 137
177 137
178 136
179 136
180 136
181 135
182 135
183 134
184 134
185 133
186 133
187 132
188 132
189 131
190 131
191 130
