#<header> v1.0 8 32 </header>
0 886
1 884
2 882
3 880
4 879
5 877
6 875
7 873
8 871
9 869
10 867
11 865
12 863
13 861
14 860
15 858
16 856
17 854
18 852
19 850
20 848
21 846
22 844
23 842
24 840
25 839
26 837
27 835
28 833
29 831
30 829
31 827
32 825
33 823
34 821
35 820
36 818
37 816
38 814
39 812
40 810
41 808
42 806
43 804
44 802
45 801
46 799
47 797
48 795
49 793
50 791
51 789
52 787
53 785
54 783
55 781
56 780
57 778
58 776
59 774
60 772
61 770
62 768
63 766
64 764
65 762
66 761
67 759
68 757
69 755
70 753
71 751
72 749
73 747
74 745
75 743
76 742
77 740
78 738
79 736
80 734
81 732
82 730
83 728
84 726
85 724
86 722
87 721
88 719
89 717
90 715
91 713
92 711
93 709
94 707
95 705
96 703
97 702
98 700
99 698
100 696
101 694
102 692
103 690
104 688
105 686
106 684
107 683
108 681
109 679
110 677
111 675
112 673
113 671
114 669
115 667
116 665
117 663
118 662
119 660
120 658
121 656
122 654
123 652
124 650
125 648
126 646
127 644
128 643
129 641
130 639
131 637
132 635
133 633
134 631
135 629
136 627
137 625
138 624
139 622
140 620
141 618
142 616
143 614
144 612
145 610
146 608
147 606
148 604
149 603
150 601
151 599
152 597
153 595
154 593
155 591
156 589
157 587
158 585
159 584
160 582
161 580
162 578
163 576
164 574
165 572
166 570
167 568
168 566
169 565
170 563
171 561
172 559
173 557
174 555
175 553
176 551
177 549
178 547
179 545
180 544
181 542
182 540
183 538
184 536
185 534
186 532
187 530
188 528
189 526
190 525
191 523
