#<header> v1.0 9 32 </header>
0 3
1 3
2 4
3 4
4 5
5 5
6 5
7 6
8 6
9 7
10 7
11 7
12 8
13 8
14 9
15 9
16 9
17 10
18 10
19 11
20 11
21 11
22 12
23 12
24 13
25 13
26 13
27 14
28 14
29 15
30 15
31 15
32 16
33 16
34 17
35 17
36 17
37 18
38 18
39 18
40 19
41 19
42 20
43 20
44 20
45 21
46 21
47 22
48 22
49 22
50 23
51 23
52 24
53 24
54 24
55 25
56 25
57 26
58 26
59 26
60 27
61 27
62 28
63 28
64 28
65 29
66 29
67 30
68 30
69 30
70 31
71 31
72 32
73 32
74 32
75 33
76 33
77 34
78 34
79 34
80 35
81 35
82 36
83 36
84 36
85 37
86 37
87 38
88 38
89 38
90 39
91 39
92 40
93 40
94 40
95 41
96 41
97 41
98 42
99 42
100 43
101 43
102 43
103 44
104 44
105 45
106 45
107 45
108 46
109 46
110 47
111 47
112 47
113 48
114 48
115 49
116 49
117 49
118 50
119 50
120 51
121 51
122 51
123 52
124 52
125 53
126 53
127 53
128 54
129 54
130 55
131 55
132 55
133 56
134 56
135 57
136 57
137 57
138 58
139 58
140 59
141 59
142 59
143 60
144 60
145 61
146 61
147 61
148 62
149 62
150 62
151 63
152 63
153 64
154 64
155 64
156 65
157 65
158 66
159 66
160 66
161 67
162 67
163 68
164 68
165 68
166 69
167 69
168 70
169 70
170 70
171 71
172 71
173 72
174 72
175 72
176 73
177 73
178 74
179 74
180 74
181 75
182 75
183 76
184 76
185 76
186 77
187 77
188 78
189 78
190 78
191 79
192 79
193 80
194 80
195 80
196 81
197 81
198 82
199 82
200 82
201 83
202 83
203 84
204 84
205 84
206 85
207 85
208 85
209 86
210 86
211 87
212 87
213 87
214 88
215 88
216 89
217 89
218 89
219 90
220 90
221 91
222 91
223 91
224 92
225 92
226 93
227 93
228 93
229 94
230 94
231 95
232 95
233 95
234 96
235 96
236 97
237 97
238 97
239 98
240 98
241 99
242 99
243 99
244 100
245 100
246 101
247 101
248 101
249 102
250 102
251 103
252 103
253 103
254 104
255 104
256 105
257 105
258 105
259 106
260 106
261 107
262 107
263 107
264 108
265 108
266 108
267 109
268 109
269 110
270 110
271 110
272 111
273 111
274 112
275 112
276 112
277 113
278 113
279 114
280 114
281 114
282 115
283 115
284 116
285 116
286 116
287 117
288 117
289 118
290 118
291 118
292 119
293 119
294 120
295 120
296 120
297 121
298 121
299 122
300 122
301 122
302 123
303 123
304 124
305 124
306 124
307 125
308 125
309 126
310 126
311 126
312 127
313 127
314 128
315 128
316 128
317 129
318 129
319 129
320 130
321 130
322 131
323 131
324 131
325 132
326 132
327 133
328 133
329 133
330 134
331 134
332 135
333 135
334 135
335 136
336 136
337 137
338 137
339 137
340 138
341 138
342 139
343 139
344 139
345 140
346 140
347 141
348 141
349 141
350 142
351 142
352 143
353 143
354 143
355 144
356 144
357 145
358 145
359 145
360 146
361 146
362 147
363 147
364 147
365 148
366 148
367 149
368 149
369 149
370 150
371 150
372 151
373 151
374 151
375 152
376 152
377 152
378 153
379 153
380 154
381 154
382 154
383 155
