1 2002 1 1 1 33
1 2002 1 4 1 17
1 2038 2 1 1 6
1 2038 1 1 1 24
1 2038 1 3 1 12
1 2043 2 2 1 6
1 2043 2 3 1 6
1 2043 1 1 1 30
1 2080 1 4 1 6
1 2080 2 2 1 15
1 2098 1 2 1 16
1 2098 1 3 1 16
1 2098 1 4 1 16
1 2128 2 1 1 5
1 2135 1 2 1 16
1 2135 1 3 1 16
1 2150 1 4 1 16
1 2153 2 2 1 15
1 2195 2 1 1 5
1 2194 1 2 1 7
1 2194 2 1 1 31
1 2209 1 1 1 25
1 2209 1 2 1 13
1 2221 1 2 1 4
1 2226 1 1 1 4
1 2226 1 2 1 2
1 2226 1 3 1 2
1 2227 1 1 1 23
1 2234 2 1 1 25
1 2234 2 3 1 13
1 2257 2 1 1 19
1 2291 1 2 1 17
1 2294 1 1 1 6
1 2298 1 1 1 33
1 2270 2 2 1 1
1 2270 2 4 1 1
1 2328 2 2 1 13
1 2328 2 4 1 13
1 2341 1 1 1 16
1 2347 1 1 1 31
1 2358 2 2 1 12
1 2359 2 2 1 18
1 2360 1 1 1 11
1 2402 2 1 1 11
1 2402 1 1 1 29
1 2415 1 1 1 9
1 2439 1 1 1 4
1 2439 1 2 1 2
1 2442 1 1 1 33
1 2451 1 1 1 3
1 2458 1 1 1 21
1 2463 2 1 1 19
1 2463 2 3 1 10
1 2463 2 4 1 10
1 2468 2 2 1 15
1 2468 1 4 1 6
1 2483 2 2 1 9
1 2483 1 2 1 18
1 2506 2 2 1 8
1 2510 1 1 1 11
1 2517 2 2 1 18
1 2556 1 1 1 7
1 2556 1 4 1 4
1 2556 2 1 1 23
1 2567 2 4 1 4
1 2564 1 1 1 11
1 2583 2 2 1 13
1 2593 1 1 1 14
1 2593 1 2 1 7
1 2593 2 2 1 16
1 2593 2 4 1 16
1 2596 1 1 1 32
1 2596 1 3 1 16
1 2596 1 4 1 16
1 2596 2 1 1 14
1 2615 1 1 1 11
1 2615 2 2 1 15
1 2615 2 3 1 15
1 2617 2 4 1 2
1 2638 2 3 1 6
1 2653 1 1 1 33
1 2655 1 1 1 29
1 2655 1 2 1 15
1 2656 2 1 1 17
1 2698 2 2 1 3
1 2698 2 4 1 3
1 2699 2 1 1 4
1 2699 2 2 1 2
1 2725 1 1 1 17
1 2755 1 3 1 12
1 2765 2 2 1 14
1 2772 1 1 1 31
1 2778 1 1 1 30
1 2779 2 1 1 24
1 2779 2 2 1 12
1 2779 2 4 1 12
1 2807 1 1 1 15
1 2818 2 3 1 9
1 2818 2 4 1 9
1 2821 1 1 1 23
1 2831 2 1 1 23
1 2831 2 4 1 12
1 2829 1 1 1 1
1 2830 2 3 1 13
1 2833 2 2 1 14
1 2855 2 1 1 9
1 2857 1 1 1 20
1 2857 1 2 1 10
1 2859 2 1 1 15
1 2876 1 3 1 12
1 2876 1 4 1 12
1 2883 2 1 1 9
1 2883 2 2 1 5
1 2883 2 3 1 5
1 2883 2 4 1 5
1 2885 1 1 1 9
1 2911 2 2 1 11
1 2911 1 1 1 3
1 2911 1 2 1 2
1 2908 1 1 1 5
1 2926 2 2 1 1
1 2934 2 2 1 10
1 2951 2 2 1 1
1 2954 1 3 1 3
1 2958 2 1 1 34
1 2958 2 2 1 17
1 2958 2 4 1 17
1 2961 1 2 1 14
1 2961 2 2 1 5
1 2973 2 1 1 35
1 2974 1 1 1 25
1 2983 2 2 1 8
1 2983 2 3 1 8
1 2983 2 4 1 8
1 2971 1 1 1 5
1 2971 1 3 1 3
1 2993 1 2 1 8
