# dPhi=rechit local phi - prophit local phi [created in units of mRad]. dPhi corrected calculation takes the firmware long and short superchambers orientation into account on +/- endcaps, i.e.
#       R+1      R-1
# Even  -1       +1
# Odd   +1       -1
# Shift [strip(8)] is calculated by the following conversion rule: 0.37 [mRad] = 1 [strip(8)]
# cuts: 30GeV<muon_pt<200GeV, has_fidcut, n_ME11_segment=1, |RdPhi_Corrected|<2cm, |dPhi_Corrected|<4mRad, has_TightID, endcap, station, superchamber, eta
# [filename for TA's notekeeping]: ntuple: Run2022D_ZMu_PromptReco_RAWRECO_globalMu_pfisotight_idealGEMonCSC_v1.root]
# =================================================================================================================
# Superchamber_Eta | Shift [strip(8)]
11 -5
12 -5
13 -6
14 -6
15 -6
16 -7
17 -7
18 -7
21 -4
22 -4
23 -4
24 -4
25 -5
26 -5
27 -5
28 -5
31 -5
32 -5
33 -6
34 -6
35 -6
36 -7
37 -7
38 -7
41 -3
42 -3
43 -3
44 -3
45 -3
46 -3
47 -4
48 -4
51 -4
52 -4
53 -5
54 -5
55 -5
56 -6
57 -6
58 -6
61 -2
62 -2
63 -3
64 -3
65 -3
66 -3
67 -3
68 -3
71 -3
72 -3
73 -3
74 -3
75 -3
76 -3
77 -4
78 -4
81 -1
82 -2
83 -1
84 -2
85 -2
86 -2
87 -2
88 -1
91 -2
92 -2
93 -2
94 -2
95 -2
96 -2
97 -2
98 -2
101 -1
102 -1
103 -1
104 0
105 0
106 0
107 0
108 0
111 -1
112 -1
113 -1
114 -1
115 -1
116 -1
117 -2
118 -2
121 2
122 2
123 2
124 1
125 1
126 1
127 1
128 1
131 0
132 0
133 0
134 -1
135 0
136 0
137 -1
138 -1
141 2
142 2
143 3
144 3
145 3
146 3
147 3
148 3
151 2
152 2
153 2
154 3
155 3
156 3
157 3
158 3
161 4
162 4
163 4
164 4
165 4
166 4
167 4
168 4
171 2
172 2
173 3
174 3
175 3
176 3
177 4
178 4
181 3
182 4
183 4
184 4
185 4
186 4
187 5
188 5
191 0
192 1
193 1
194 1
195 1
196 2
197 2
198 2
201 3
202 3
203 3
204 4
205 4
206 5
207 5
208 5
211 1
212 1
213 1
214 2
215 2
216 3
217 3
218 3
221 3
222 4
223 4
224 4
225 4
226 5
227 5
228 5
231 1
232 2
233 2
234 2
235 2
236 3
237 3
238 3
241 3
242 3
243 3
244 4
245 4
246 4
247 5
248 5
251 5
252 5
253 2
254 5
255 5
256 4
257 5
258 3
261 1
262 2
263 0
264 3
265 3
266 1
267 2
268 3
271 1
272 1
273 1
274 1
275 2
276 2
277 2
278 2
281 2
282 2
283 2
284 2
285 1
286 2
287 2
288 2
291 -1
292 -1
293 -1
294 0
295 0
296 0
297 0
298 0
301 0
302 1
303 0
304 0
305 0
306 0
307 0
308 0
311 -2
312 -2
313 -3
314 -3
315 -3
316 -3
317 -3
318 -3
321 -1
322 -1
323 -1
324 -2
325 -2
326 -2
327 -3
328 -3
331 -4
332 -4
333 -4
334 -4
335 -4
336 -5
337 -5
338 -5
341 -3
342 -3
343 -3
344 -3
345 -4
346 -4
347 -4
348 -4
351 -5
352 -5
353 -6
354 -6
355 -6
356 -7
357 -7
358 -7
361 -4
362 -4
363 -4
364 -4
365 -4
366 -4
367 -4
368 -4
