#CLCT slope with consistency criteria amendment by residual GEM association difference in 1/8th strips
#Structure is input unsigned residual 1/8th strip difference (uint16_t) -> output unsigned slope change (uint16_t)
#<header> v1.0 8 32 </header>
0 0
1 0
2 0
3 0
4 1
5 1
6 1
7 1
8 1
9 1
10 1
11 2
12 2
13 2
14 2
15 2
16 2
17 2
18 3
19 3
20 3
21 3
22 3
23 3
24 3
25 3
26 4
27 4
28 4
29 4
30 4
31 4
32 4
33 5
34 5
35 5
36 5
37 5
38 5
39 5
40 6
41 6
42 6
43 6
44 6
45 6
46 6
47 6
48 7
49 7
50 7
51 7
52 7
53 7
54 7
55 8
56 8
57 8
58 8
59 8
60 8
61 8
62 9
63 9
64 9
65 9
66 9
67 9
68 9
69 9
70 10
71 10
72 10
73 10
74 10
75 10
76 10
77 11
78 11
79 11
80 11
81 11
82 11
83 11
84 12
85 12
86 12
87 12
88 12
89 12
90 12
91 12
92 13
93 13
94 13
95 13
96 13
97 13
98 13
99 14
100 14
101 14
102 14
103 14
104 14
105 14
106 15
107 15
108 15
109 15
110 15
111 15
112 15
113 15
114 15
115 15
116 15
117 15
118 15
119 15
120 15
121 15
122 15
123 15
124 15
125 15
126 15
127 15
128 15
129 15
130 15
131 15
132 15
133 15
134 15
135 15
136 15
137 15
138 15
139 15
140 15
141 15
142 15
143 15
144 15
145 15
146 15
147 15
148 15
149 15
150 15
151 15
152 15
153 15
154 15
155 15
156 15
157 15
158 15
159 15
160 15
161 15
162 15
163 15
164 15
165 15
166 15
167 15
168 15
169 15
170 15
171 15
172 15
173 15
174 15
175 15
176 15
177 15
178 15
179 15
180 15
181 15
182 15
183 15
184 15
185 15
186 15
187 15
188 15
189 15
190 15
191 15
192 15
193 15
194 15
195 15
196 15
197 15
198 15
199 15
200 15
201 15
202 15
203 15
204 15
205 15
206 15
207 15
208 15
209 15
210 15
211 15
212 15
213 15
214 15
215 15
216 15
217 15
218 15
219 15
220 15
221 15
222 15
223 15
224 15
225 15
226 15
227 15
228 15
229 15
230 15
231 15
232 15
233 15
234 15
235 15
236 15
237 15
238 15
239 15
240 15
241 15
242 15
243 15
244 15
245 15
246 15
247 15
248 15
249 15
250 15
251 15
252 15
253 15
254 15
255 15
