#CLCT slope without consistency criteria amendment by residual GEM association difference in 1/8th strips
#Structure is input unsigned residual 1/8th strip difference (uint16_t) -> output unsigned slope change (uint16_t)
#<header> v1.0 8 32 </header>
0 0
1 0
2 0
3 0
4 1
5 1
6 1
7 1
8 1
9 1
10 1
11 1
12 1
13 2
14 2
15 2
16 2
17 2
18 2
19 2
20 2
21 3
22 3
23 3
24 3
25 3
26 3
27 3
28 3
29 4
30 4
31 4
32 4
33 4
34 4
35 4
36 4
37 4
38 5
39 5
40 5
41 5
42 5
43 5
44 5
45 5
46 6
47 6
48 6
49 6
50 6
51 6
52 6
53 6
54 6
55 7
56 7
57 7
58 7
59 7
60 7
61 7
62 7
63 8
64 8
65 8
66 8
67 8
68 8
69 8
70 8
71 8
72 9
73 9
74 9
75 9
76 9
77 9
78 9
79 9
80 10
81 10
82 10
83 10
84 10
85 10
86 10
87 10
88 11
89 11
90 11
91 11
92 11
93 11
94 11
95 11
96 11
97 12
98 12
99 12
100 12
101 12
102 12
103 12
104 12
105 13
106 13
107 13
108 13
109 13
110 13
111 13
112 13
113 13
114 14
115 14
116 14
117 14
118 14
119 14
120 14
121 14
122 14
123 14
124 14
125 14
126 14
127 14
128 14
129 14
130 14
131 14
132 14
133 14
134 14
135 15
136 15
137 15
138 15
139 15
140 15
141 15
142 15
143 15
144 15
145 15
146 15
147 15
148 15
149 15
150 15
151 15
152 15
153 15
154 15
155 15
156 15
157 15
158 15
159 15
160 15
161 15
162 15
163 15
164 15
165 15
166 15
167 15
168 15
169 15
170 15
171 15
172 15
173 15
174 15
175 15
176 15
177 15
178 15
179 15
180 15
181 15
182 15
183 15
184 15
185 15
186 15
187 15
188 15
189 15
190 15
191 15
192 15
193 15
194 15
195 15
196 15
197 15
198 15
199 15
200 15
201 15
202 15
203 15
204 15
205 15
206 15
207 15
208 15
209 15
210 15
211 15
212 15
213 15
214 15
215 15
216 15
217 15
218 15
219 15
220 15
221 15
222 15
223 15
224 15
225 15
226 15
227 15
228 15
229 15
230 15
231 15
232 15
233 15
234 15
235 15
236 15
237 15
238 15
239 15
240 15
241 15
242 15
243 15
244 15
245 15
246 15
247 15
248 15
249 15
250 15
251 15
252 15
253 15
254 15
255 15
