#CLCT slope without consistency criteria amendment by residual GEM association difference in 1/8th strips
#Structure is input unsigned residual 1/8th strip difference (uint16_t) -> output unsigned slope change (uint16_t)
#<header> v1.0 8 32 </header>
0 0
1 0
2 0
3 0
4 0
5 1
6 1
7 1
8 1
9 1
10 1
11 1
12 1
13 1
14 1
15 2
16 2
17 2
18 2
19 2
20 2
21 2
22 2
23 2
24 2
25 3
26 3
27 3
28 3
29 3
30 3
31 3
32 3
33 3
34 3
35 4
36 4
37 4
38 4
39 4
40 4
41 4
42 4
43 4
44 4
45 5
46 5
47 5
48 5
49 5
50 5
51 5
52 5
53 5
54 5
55 6
56 6
57 6
58 6
59 6
60 6
61 6
62 6
63 6
64 6
65 7
66 7
67 7
68 7
69 7
70 7
71 7
72 7
73 7
74 7
75 8
76 8
77 8
78 8
79 8
80 8
81 8
82 8
83 8
84 8
85 9
86 9
87 9
88 9
89 9
90 9
91 9
92 9
93 9
94 9
95 10
96 10
97 10
98 10
99 10
100 10
101 10
102 10
103 10
104 10
105 10
106 11
107 11
108 11
109 11
110 11
111 11
112 11
113 11
114 11
115 11
116 12
117 12
118 12
119 12
120 12
121 12
122 12
123 12
124 12
125 12
126 13
127 13
128 13
129 13
130 13
131 13
132 13
133 13
134 13
135 13
136 14
137 14
138 14
139 14
140 14
141 14
142 14
143 14
144 14
145 14
146 14
147 14
148 14
149 14
150 14
151 14
152 14
153 14
154 14
155 14
156 14
157 14
158 14
159 14
160 14
161 15
162 15
163 15
164 15
165 15
166 15
167 15
168 15
169 15
170 15
171 15
172 15
173 15
174 15
175 15
176 15
177 15
178 15
179 15
180 15
181 15
182 15
183 15
184 15
185 15
186 15
187 15
188 15
189 15
190 15
191 15
192 15
193 15
194 15
195 15
196 15
197 15
198 15
199 15
200 15
201 15
202 15
203 15
204 15
205 15
206 15
207 15
208 15
209 15
210 15
211 15
212 15
213 15
214 15
215 15
216 15
217 15
218 15
219 15
220 15
221 15
222 15
223 15
224 15
225 15
226 15
227 15
228 15
229 15
230 15
231 15
232 15
233 15
234 15
235 15
236 15
237 15
238 15
239 15
240 15
241 15
242 15
243 15
244 15
245 15
246 15
247 15
248 15
249 15
250 15
251 15
252 15
253 15
254 15
255 15
