#CLCT slope without consistency criteria amendment by residual GEM association difference in 1/8th strips
#Structure is input unsigned residual 1/8th strip difference (uint16_t) -> output unsigned slope change (uint16_t)
#<header> v1.0 8 32 </header>
0 0
1 0
2 0
3 0
4 0
5 1
6 1
7 1
8 1
9 1
10 1
11 1
12 1
13 1
14 1
15 1
16 2
17 2
18 2
19 2
20 2
21 2
22 2
23 2
24 2
25 2
26 2
27 3
28 3
29 3
30 3
31 3
32 3
33 3
34 3
35 3
36 3
37 3
38 4
39 4
40 4
41 4
42 4
43 4
44 4
45 4
46 4
47 4
48 4
49 5
50 5
51 5
52 5
53 5
54 5
55 5
56 5
57 5
58 5
59 5
60 6
61 6
62 6
63 6
64 6
65 6
66 6
67 6
68 6
69 6
70 6
71 7
72 7
73 7
74 7
75 7
76 7
77 7
78 7
79 7
80 7
81 7
82 8
83 8
84 8
85 8
86 8
87 8
88 8
89 8
90 8
91 8
92 8
93 9
94 9
95 9
96 9
97 9
98 9
99 9
100 9
101 9
102 9
103 9
104 10
105 10
106 10
107 10
108 10
109 10
110 10
111 10
112 10
113 10
114 10
115 11
116 11
117 11
118 11
119 11
120 11
121 11
122 11
123 11
124 11
125 11
126 12
127 12
128 12
129 12
130 12
131 12
132 12
133 12
134 12
135 12
136 12
137 13
138 13
139 13
140 13
141 13
142 13
143 13
144 13
145 13
146 13
147 13
148 14
149 14
150 14
151 14
152 14
153 14
154 14
155 14
156 14
157 14
158 14
159 14
160 14
161 14
162 14
163 14
164 14
165 14
166 14
167 14
168 14
169 14
170 14
171 14
172 14
173 14
174 14
175 15
176 15
177 15
178 15
179 15
180 15
181 15
182 15
183 15
184 15
185 15
186 15
187 15
188 15
189 15
190 15
191 15
192 15
193 15
194 15
195 15
196 15
197 15
198 15
199 15
200 15
201 15
202 15
203 15
204 15
205 15
206 15
207 15
208 15
209 15
210 15
211 15
212 15
213 15
214 15
215 15
216 15
217 15
218 15
219 15
220 15
221 15
222 15
223 15
224 15
225 15
226 15
227 15
228 15
229 15
230 15
231 15
232 15
233 15
234 15
235 15
236 15
237 15
238 15
239 15
240 15
241 15
242 15
243 15
244 15
245 15
246 15
247 15
248 15
249 15
250 15
251 15
252 15
253 15
254 15
255 15
